+972506839025
+972507235962
+972523830474
+972528877404
+972506839006
+972547734400
+972544666703
+972529444408
+972585200777
+972528057053
+972507858718
+972504645144
+972509611385
+972586708620
+972544302969
+972509808275
+972542852250
+972548039558
+972508718111
+972508333331
+972522699338
+972549820702
+972532843772
+972585092509
+972524234903
+972525003050
+972506361956
+972504808077
+972539226979
+972503680528
+972525104908
+972545935760
+972524347163
+972547213332
+972534751935
+972532802218
+972505955090
+972545888137
+972507141144
+972506696729
+972542264555
+972545242750
+972505988531
+972528963977
+972523364873
+972535253057
+972526941195
+972549860886
+972522832337
+972502222710
+972527039156
+972538410336
+972528120442
+972527052444
+972542167366
+972543477775
+972537506106
+972524318803
+972506914417
+972549079414
+972504700418
+972549571911
+972533891313
+972535684338
+972548630123
+972507100296
+972525395803
+972506565576
+972523107469
+972526885560
+972505517140
+972523782439
+972524774753
+972506789444
+972544500893
+972508193386
+972545720806
+972527428898
+972547618311
+972542355568
+972542415938
+972509598434
+972584660564
+972555705846
+‪+972 52‑594‑2004‬
+
+